DTRM-to-Python/surfer-files/STA08055700_ASCII.GRD
DSAA
197 302
700740 706620
3.63702e+006 3.64605e+006
440 652                         
[rows 240 to 269 of 302, columns 68 to 135 of 197]
1.70141e+038 1.70141e+038 1.70141e+038 1.70141e+038 1.70141e+038 1.70141e+038 1.70141e+038 622 621 621 620 618 617 613 611 610 608 608 607 606 605 605 604 604 604 603 603 602 601 600 599 599 599 600 600 599 599 598 599 601 603 605 607 609 610 605 605 609 610 612 615 619 620 620 620 620 617 618 619 621 621 622 622 623 623 624 624 624
1.70141e+038 1.70141e+038 1.70141e+038 1.70141e+038 1.70141e+038 1.70141e+038 1.70141e+038 621 620 620 619 618 616 613 611 610 609 608 608 607 607 607 607 606 606 605 604 603 602 601 600 600 600 601 600 600 599 599 600 601 603 606 608 610 610 608 605 608 610 612 614 618 620 620 620 620 617 619 620 621 622 623 623 624 624 625 625 625
1.70141e+038 1.70141e+038 1.70141e+038 1.70141e+038 1.70141e+038 1.70141e+038 1.70141e+038 620 620 620 619 617 616 614 612 611 610 610 609 609 609 609 608 608 608 607 606 605 603 602 600 600 601 602 601 601 600 599 600 602 604 606 608 610 610 607 606 609 610 612 613 616 617 618 619 618 618 619 620 622 623 624 624 625 626 626 626 627
1.70141e+038 1.70141e+038 1.70141e+038 1.70141e+038 1.70141e+038 1.70141e+038 1.70141e+038 620 620 619 618 618 617 616 615 613 612 611 611 611 610 610 610 610 609 608 607 606 605 603 602 601 602 602 602 602 601 600 600 602 605 607 609 610 610 607 608 609 610 611 613 614 615 616 616 617 618 620 621 622 623 624 625 626 627 627 628 628
1.70141e+038 1.70141e+038 1.70141e+038 1.70141e+038 1.70141e+038 1.70141e+038 1.70141e+038 620 619 619 618 619 618 618 617 616 614 613 612 612 611 611 611 611 610 610 609 608 607 605 604 604 604 603 603 603 602 601 601 603 605 608 610 610 609 607 608 608 610 611 612 613 614 615 616 617 619 620 621 623 624 625 627 628 628 629 629 629
1.70141e+038 1.70141e+038 1.70141e+038 1.70141e+038 1.70141e+038 1.70141e+038 1.70141e+038 620 620 620 620 620 620 619 619 617 616 615 613 613 612 612 612 611 611 610 610 609 608 607 606 606 605 605 604 604 603 602 603 604 606 608 610 610 609 607 608 609 609 610 612 612 614 615 616 618 619 620 622 623 625 627 628 629 629 630 630 630
1.70141e+038 1.70141e+038 1.70141e+038 1.70141e+038 1.70141e+038 1.70141e+038 621 621 621 621 621 621 621 621 620 619 618 617 615 614 613 613 612 612 611 611 610 610 609 608 607 607 607 606 606 605 604 604 605 607 608 609 610 610 609 607 608 609 609 610 611 612 613 615 616 618 619 620 622 624 626 627 629 630 630 630 631 631
1.70141e+038 1.70141e+038 1.70141e+038 1.70141e+038 1.70141e+038 623 623 623 623 623 623 623 622 622 621 620 619 618 616 615 614 613 613 612 612 611 611 610 610 609 608 608 609 608 607 606 604 605 606 608 609 610 610 610 609 607 607 608 609 610 611 612 613 615 616 618 619 621 623 625 626 628 629 630 631 631 631 632
1.70141e+038 1.70141e+038 1.70141e+038 1.70141e+038 1.70141e+038 625 625 625 625 625 625 624 624 623 622 621 619 618 617 616 615 614 613 613 612 612 611 611 610 609 609 610 610 609 608 606 606 606 607 608 609 610 610 609 610 607 607 608 609 610 611 612 613 615 616 618 619 621 623 625 627 628 630 630 631 632 632 632
1.70141e+038 1.70141e+038 1.70141e+038 1.70141e+038 626 626 627 627 627 627 627 626 625 624 623 621 619 618 617 616 615 614 614 613 613 612 612 611 611 610 610 610 610 609 608 606 607 607 607 608 609 610 610 609 610 607 607 608 609 610 611 612 614 615 616 618 619 621 623 625 627 628 630 631 631 632 632 633
1.70141e+038 1.70141e+038 1.70141e+038 627 627 627 628 628 629 629 629 628 627 624 623 621 619 618 618 617 616 615 614 614 613 613 612 612 611 610 610 611 610 610 608 607 607 607 608 609 610 610 610 610 610 607 608 608 609 610 611 612 614 615 616 618 619 621 623 625 627 629 630 631 631 632 633 633
1.70141e+038 1.70141e+038 1.70141e+038 628 628 628 629 629 630 630 630 629 627 625 623 621 619 619 618 617 617 616 615 614 614 613 613 612 611 611 611 611 610 610 608 608 607 608 609 609 610 610 610 610 610 607 608 608 609 610 611 612 614 615 617 618 619 621 623 625 627 629 630 631 632 632 633 634
1.70141e+038 1.70141e+038 1.70141e+038 629 629 629 630 630 631 631 631 629 628 626 623 622 620 619 619 618 617 616 615 615 614 613 613 612 612 612 611 611 611 610 609 608 608 608 609 610 610 610 610 610 609 608 608 609 609 610 611 612 614 615 617 618 620 621 623 625 627 629 630 631 632 633 633 634
1.70141e+038 1.70141e+038 1.70141e+038 630 630 630 630 631 632 632 631 630 628 626 624 623 621 620 619 618 618 617 616 615 614 614 613 613 612 612 612 611 611 610 609 608 608 608 609 610 610 610 610 610 609 608 608 609 609 610 611 612 614 616 617 619 620 622 623 625 627 629 630 631 632 633 634 635
1.70141e+038 1.70141e+038 1.70141e+038 630 630 631 631 632 632 632 631 630 628 627 625 623 622 621 620 619 618 617 616 615 615 614 614 613 613 612 612 611 611 610 610 609 608 609 609 610 610 610 610 610 610 608 609 609 609 610 611 613 614 616 618 619 620 622 623 625 627 629 630 631 632 633 634 635
1.70141e+038 1.70141e+038 1.70141e+038 631 631 632 632 633 633 632 631 630 629 627 625 624 623 621 620 619 618 617 617 616 615 615 614 613 613 613 612 612 611 610 610 609 609 609 610 610 610 610 610 610 609 609 609 610 610 610 611 613 615 616 618 619 621 622 624 625 627 629 630 631 632 633 634 636
1.70141e+038 1.70141e+038 1.70141e+038 632 632 633 633 634 633 632 631 630 628 627 626 624 623 621 620 619 618 618 617 616 615 615 614 614 613 613 612 612 611 611 610 609 609 610 610 610 610 610 610 609 609 609 610 610 610 611 612 613 615 617 618 619 621 622 624 625 627 629 630 631 632 633 634 636
1.70141e+038 1.70141e+038 1.70141e+038 633 633 634 633 633 633 632 631 630 629 628 627 625 623 622 620 619 618 618 617 616 616 615 614 614 613 613 612 612 611 611 610 610 610 610 610 610 610 610 609 609 610 610 610 611 611 612 613 614 615 616 618 619 621 622 623 625 627 628 630 631 632 633 635 636
1.70141e+038 1.70141e+038 1.70141e+038 633 634 634 634 634 633 632 631 630 630 629 628 626 624 622 621 619 619 618 617 616 616 615 615 614 614 613 613 612 611 611 611 610 610 610 610 610 610 610 609 610 610 610 611 611 612 612 613 614 615 617 618 619 620 622 623 625 626 628 630 631 632 633 635 636
1.70141e+038 1.70141e+038 1.70141e+038 633 634 634 634 634 633 632 632 631 630 630 629 627 625 623 621 620 619 618 617 617 616 615 615 614 614 613 613 612 612 611 611 610 610 610 610 610 610 609 609 610 610 611 611 612 612 613 614 614 616 617 618 619 620 621 623 624 626 628 629 631 632 633 635 636
1.70141e+038 1.70141e+038 1.70141e+038 634 634 634 634 633 633 632 632 632 631 631 630 628 625 623 621 620 619 618 617 617 616 615 615 614 614 614 613 613 612 611 611 610 610 610 610 610 610 610 610 610 611 611 612 612 613 613 614 615 616 617 618 619 620 621 623 624 626 627 629 630 632 633 634 636
1.70141e+038 1.70141e+038 1.70141e+038 1.70141e+038 1.70141e+038 634 634 634 634 633 633 632 632 631 631 629 625 622 620 619 619 618 617 616 616 615 615 615 614 614 613 613 612 611 611 610 610 611 611 610 610 610 610 610 611 611 612 613 613 614 614 615 616 617 618 619 620 621 622 624 626 627 628 630 631 632 634 635
1.70141e+038 1.70141e+038 1.70141e+038 1.70141e+038 1.70141e+038 1.70141e+038 634 635 635 634 634 633 632 631 630 628 624 622 620 619 618 618 617 616 616 616 615 615 614 614 613 613 612 611 611 610 611 611 611 610 610 610 611 611 611 612 612 613 613 614 615 616 616 617 618 619 620 621 622 624 625 627 628 629 631 632 633 634
1.70141e+038 1.70141e+038 1.70141e+038 1.70141e+038 1.70141e+038 1.70141e+038 635 635 634 634 634 633 631 630 630 627 624 621 620 619 618 618 617 617 616 616 615 615 614 614 613 613 612 612 611 610 611 612 611 611 610 611 611 611 612 612 613 613 614 614 615 616 617 617 618 619 620 621 623 624 625 626 628 629 630 631 633 634
1.70141e+038 1.70141e+038 1.70141e+038 1.70141e+038 1.70141e+038 1.70141e+038 634 634 634 633 633 631 630 630 629 628 624 621 620 619 619 618 617 617 616 616 616 616 615 614 614 614 613 614 612 613 612 612 613 612 611 611 611 612 612 613 613 614 614 614 615 616 616 617 618 619 620 621 622 624 625 626 627 629 630 631 632 634
1.70141e+038 1.70141e+038 1.70141e+038 1.70141e+038 1.70141e+038 633 633 634 634 634 633 632 631 631 630 629 626 621 620 619 619 618 618 617 616 616 616 616 615 615 615 615 615 616 618 616 615 614 613 612 612 612 612 612 613 613 613 614 614 615 615 616 617 617 618 619 620 621 622 624 625 626 627 628 630 631 632 633
1.70141e+038 1.70141e+038 1.70141e+038 1.70141e+038 1.70141e+038 632 633 633 634 634 633 633 633 632 631 630 627 624 621 620 619 618 618 617 616 616 616 616 616 616 616 616 617 617 619 619 618 615 613 613 613 613 613 613 613 614 614 614 615 615 616 616 617 618 618 619 620 621 622 624 625 626 627 629 630 631 632 633
1.70141e+038 1.70141e+038 1.70141e+038 1.70141e+038 631 632 632 633 633 634 633 634 633 633 632 630 628 625 622 620 619 619 618 617 617 616 616 617 617 616 616 617 617 619 620 620 618 614 614 614 613 614 613 614 614 614 614 615 615 615 616 617 617 618 618 619 620 621 622 624 625 626 627 629 630 631 632 633
1.70141e+038 1.70141e+038 1.70141e+038 1.70141e+038 1.70141e+038 632 632 633 633 633 633 634 633 634 632 631 628 625 623 620 619 619 618 617 617 617 617 617 617 617 617 618 618 619 620 620 617 616 615 615 614 614 614 614 614 614 615 615 616 616 617 617 617 618 619 619 620 621 622 624 625 626 627 629 630 631 632 633
1.70141e+038 1.70141e+038 1.70141e+038 1.70141e+038 1.70141e+038 1.70141e+038 632 632 633 633 633 633 633 633 632 631 628 625 623 620 619 619 618 618 617 617 617 617 618 618 618 618 618 619 620 620 617 617 616 616 615 615 615 615 614 615 615 615 616 616 617 617 618 618 619 619 620 621 623 624 625 626 627 628 629 631 632 633
