DTRM-to-Python/surfer-files/STA08055700_ASCII.GRD
DSAA
197 302
700740 706620
3.63702e+006 3.64605e+006
440 652                         
[rows 90 to 119 of 302, columns 68 to 135 of 197]
550 549 548 548 547 548 546 545 543 542 541 539 535 532 530 528 526 523 521 515 511 507 502 500 502 508 517 526 531 535 536 537 535 532 530 523 514 511 511 511 522 531 541 543 548 549 551 552 553 554 557 559 561 562 564 567 569 569 570 569 570 571 572 573 574 575 577 579
551 550 549 549 550 549 547 545 543 542 541 539 536 533 531 530 524 521 516 510 508 507 504 500 501 509 517 527 533 535 537 538 536 534 532 529 523 521 520 516 518 522 525 534 542 544 548 549 550 551 554 558 561 562 564 567 569 571 571 571 572 573 574 576 576 577 579 580
552 551 551 551 551 549 547 546 544 542 540 538 536 533 530 528 523 519 514 512 511 510 509 503 500 505 516 525 531 536 539 539 538 537 535 532 529 526 524 521 520 519 520 520 520 535 543 542 543 549 551 555 559 561 564 566 568 570 571 572 573 574 576 577 578 579 580 580
553 552 552 552 551 549 547 545 544 542 540 538 535 533 532 529 521 518 517 518 515 510 510 511 501 500 503 520 528 534 540 541 540 540 537 535 532 530 528 527 526 524 523 522 520 526 535 537 539 545 550 553 557 560 562 565 567 569 571 572 574 575 577 578 579 580 581 581
554 553 553 552 550 549 547 545 544 542 540 537 534 532 531 525 520 520 521 521 514 510 514 513 510 503 500 512 525 532 537 542 542 541 539 538 536 535 534 533 531 528 527 525 521 520 526 534 541 544 547 550 556 560 562 564 566 569 571 572 573 576 578 579 580 581 582 582
555 554 553 552 550 549 547 545 543 541 539 537 534 531 529 523 521 523 522 520 513 516 519 518 513 509 500 505 521 527 535 541 543 542 540 541 539 539 540 539 535 533 530 529 527 523 520 524 536 540 548 552 555 559 561 563 565 568 570 571 573 576 577 579 580 581 582 582
557 555 554 552 551 550 547 545 543 540 539 537 534 531 530 528 526 525 522 521 521 521 521 519 515 511 500 509 515 523 530 539 541 544 543 543 542 542 542 541 540 539 536 533 532 530 523 520 534 540 547 551 554 557 559 561 564 567 569 571 573 575 577 579 580 581 582 583
558 556 554 552 551 549 547 545 543 541 539 537 535 533 531 530 528 528 526 525 524 523 522 519 516 513 500 507 514 523 532 539 542 544 546 546 545 545 544 543 542 541 540 537 535 532 520 525 535 540 547 551 553 555 557 560 563 566 569 571 572 574 576 578 580 581 582 582
558 556 554 552 550 548 547 546 543 541 539 537 536 533 530 529 529 530 529 527 527 525 522 519 518 514 500 502 511 520 529 536 541 545 548 548 548 547 546 545 544 543 541 539 537 532 524 530 538 542 546 549 551 552 555 560 563 565 568 569 571 572 574 577 579 581 582 582
558 556 554 552 550 549 548 546 544 542 540 539 539 535 530 531 531 532 531 530 529 527 524 522 520 519 508 500 511 517 525 533 540 545 549 550 550 549 548 547 546 545 543 542 540 534 528 530 536 540 544 547 548 549 551 559 562 564 566 568 569 571 572 575 577 580 582 582
558 557 555 553 551 551 549 547 545 543 541 540 540 537 534 534 533 533 532 532 531 529 526 524 522 519 513 500 500 514 520 531 540 545 548 551 552 550 550 549 549 548 547 544 542 536 529 531 533 540 543 547 548 550 551 558 561 562 564 566 568 569 570 572 576 580 581 582
558 557 556 554 553 551 550 547 545 543 542 541 539 538 536 536 536 535 534 533 531 529 528 526 524 521 516 511 500 511 518 528 535 543 549 552 553 553 552 551 551 550 548 548 544 539 530 531 536 541 545 548 551 553 554 557 559 561 563 565 566 567 569 570 574 578 580 581
559 557 557 556 554 552 550 548 546 544 542 540 539 538 538 538 538 537 536 535 532 531 530 528 525 523 519 514 502 501 516 523 529 540 547 552 553 554 554 553 553 552 549 550 547 542 533 530 535 541 544 549 551 553 555 557 558 560 562 564 565 566 568 569 572 575 578 579
559 559 559 558 556 553 551 548 547 545 543 541 540 541 540 540 540 540 538 536 534 533 531 530 527 524 520 516 510 501 514 520 526 533 543 550 553 555 555 555 555 553 550 550 550 546 539 530 530 530 542 547 551 552 554 556 558 559 561 563 564 565 565 568 571 573 574 574
560 560 560 559 558 555 552 549 548 546 544 542 542 543 543 543 542 542 540 537 535 534 532 531 529 525 521 517 510 501 512 518 524 530 539 546 552 556 557 557 557 555 553 551 552 550 545 536 531 530 530 543 548 551 553 555 557 559 561 562 562 563 561 562 567 569 570 571
561 562 561 561 560 556 552 550 548 547 546 546 546 546 546 546 545 543 540 538 537 535 533 532 530 526 523 520 515 501 511 517 522 529 536 544 551 555 559 559 559 558 557 556 555 553 551 545 538 534 530 534 544 550 552 554 555 556 558 559 560 560 559 560 563 566 567 568
563 563 562 561 560 557 553 550 549 549 548 549 549 549 549 549 547 545 541 539 538 536 534 532 530 528 526 522 520 506 507 516 520 527 533 541 548 552 560 561 561 560 559 559 558 557 555 552 548 541 535 530 540 549 551 552 552 550 550 554 558 558 558 560 562 563 564 564
564 564 563 561 559 557 555 552 551 551 551 551 551 551 551 551 549 548 544 541 539 537 535 533 531 530 528 525 521 511 506 514 521 525 530 540 545 552 561 562 562 562 561 561 561 561 559 557 557 550 544 538 538 544 542 540 540 540 540 552 555 556 558 559 560 561 563 562
565 564 563 561 560 558 557 556 554 554 553 553 553 552 552 552 551 550 546 543 540 538 536 534 533 531 530 527 522 515 506 512 520 524 528 536 544 552 561 562 563 563 563 563 563 563 562 560 561 559 550 545 538 539 538 540 542 547 552 553 554 556 557 558 559 560 561 560
567 565 564 561 559 560 559 558 557 556 556 555 554 553 553 552 551 550 548 544 541 539 537 536 534 532 531 528 523 517 509 510 517 523 527 534 542 551 560 563 564 565 565 565 565 565 564 563 563 562 558 552 548 538 538 540 541 547 552 553 556 558 559 558 558 560 560 560
568 567 565 563 562 562 560 560 559 559 557 556 556 555 554 553 552 550 548 545 542 540 538 536 534 533 531 529 525 520 511 509 513 520 526 532 541 548 557 563 565 566 566 567 567 567 566 566 565 563 561 559 557 556 550 542 540 540 540 550 556 560 560 560 560 560 560 561
569 568 568 567 566 564 563 562 562 560 559 558 557 556 554 553 552 550 548 546 543 541 538 537 535 533 532 530 525 521 514 510 511 518 525 532 541 547 553 561 564 565 566 568 569 569 569 568 568 566 564 562 561 561 559 554 549 545 542 540 551 560 561 562 562 562 562 564
570 570 570 569 568 567 566 565 563 561 560 559 558 557 555 554 552 551 549 546 543 541 539 537 535 533 532 530 523 519 516 512 510 519 526 533 541 544 549 556 561 563 565 567 569 570 570 570 570 569 567 566 565 563 562 561 560 560 555 549 547 554 560 562 563 563 564 566
572 572 571 571 570 569 568 567 566 564 562 561 559 557 556 554 552 551 549 546 543 541 539 537 534 532 531 528 520 519 520 516 511 510 525 532 536 542 545 549 558 562 565 567 569 570 571 572 571 571 570 569 567 566 564 563 563 562 561 558 550 550 556 561 562 564 565 567
574 574 573 572 572 571 569 569 568 567 564 562 560 558 556 554 553 551 549 546 544 541 539 537 534 531 529 526 523 523 522 520 514 510 519 520 529 531 539 547 557 561 564 567 569 570 572 573 573 572 571 570 569 568 567 566 565 564 563 561 557 550 550 555 560 562 564 566
576 576 575 574 573 572 571 570 570 569 566 563 560 558 557 555 553 551 549 546 544 542 539 537 535 531 530 529 528 527 525 522 513 510 522 532 536 542 546 552 559 562 565 567 570 571 572 573 573 573 573 572 571 570 569 568 567 566 564 563 561 560 552 550 550 557 562 566
578 577 577 576 574 573 572 572 571 570 566 563 561 559 557 555 553 551 549 547 544 541 539 538 536 535 533 532 531 529 526 520 510 517 530 535 541 543 549 554 560 562 565 567 569 571 572 573 573 574 573 573 572 571 570 569 568 567 566 565 564 563 562 561 554 550 562 565
579 579 579 578 576 574 573 572 571 569 567 564 561 559 557 555 553 551 549 547 544 541 539 538 539 539 537 534 533 531 529 512 512 518 531 536 541 544 549 553 559 562 564 565 567 569 571 572 573 573 573 573 573 572 571 570 570 568 567 567 567 567 565 564 561 550 561 565
580 580 580 578 577 575 574 572 571 569 566 564 562 560 557 554 553 551 549 546 544 541 539 539 540 540 538 536 534 533 530 512 520 519 530 536 541 544 547 550 555 560 562 564 566 568 570 571 571 571 572 572 573 573 572 571 570 569 569 569 569 570 568 567 563 550 561 564
581 581 580 578 577 575 574 572 571 569 566 564 562 559 557 554 552 550 548 547 544 542 540 540 541 540 539 537 535 533 531 512 521 524 530 536 541 542 545 548 551 555 559 561 564 566 568 569 569 569 570 571 572 573 573 572 571 571 570 570 571 571 569 570 570 557 561 564
