DTRM-to-Python/surfer-files/STA08055700_ASCII.GRD
DSAA
197 302
700740 706620
3.63702e+006 3.64605e+006
440 652                         
[rows 120 to 149 of 302, columns 68 to 135 of 197]
582 581 580 578 577 575 573 572 570 568 566 563 561 559 557 554 551 549 548 547 545 542 540 541 542 541 540 538 536 534 532 519 520 524 530 534 538 541 543 546 548 552 556 560 562 563 564 565 566 566 568 570 571 572 573 573 572 572 571 571 572 571 571 571 572 569 560 564
582 581 580 578 577 575 573 571 569 568 566 564 561 559 557 554 551 549 549 547 546 544 543 543 543 542 540 539 538 535 532 527 519 523 530 533 537 539 542 544 547 549 552 556 560 561 562 562 563 563 566 569 570 570 571 572 573 572 572 573 573 573 572 572 573 570 560 562
583 581 580 579 577 576 573 571 569 568 566 564 562 560 558 556 553 551 550 549 547 546 544 544 543 542 541 541 539 535 532 527 522 519 531 534 536 538 539 542 546 548 549 551 555 559 559 560 560 560 563 567 569 570 570 571 573 573 574 574 574 574 574 573 573 571 561 560
583 582 580 579 578 576 574 572 570 568 567 565 563 560 559 557 555 553 552 550 549 547 546 544 544 543 542 541 539 534 530 530 530 519 530 534 537 540 543 545 548 549 550 551 557 560 560 561 562 562 563 568 568 569 570 571 573 574 575 575 575 575 574 574 573 572 571 567
584 582 581 580 578 576 574 572 571 570 568 567 564 562 561 559 557 555 553 551 550 548 547 545 543 542 541 540 538 535 532 533 531 519 530 535 539 542 548 551 551 551 554 556 560 562 563 565 567 568 566 566 567 569 569 570 572 574 576 576 576 576 576 575 574 573 572 571
584 583 582 580 579 577 575 573 572 571 570 568 566 564 562 560 560 557 554 552 550 549 547 546 544 542 540 539 538 537 535 534 531 519 529 535 540 544 549 552 554 555 558 560 562 564 565 567 570 571 570 569 570 570 571 572 573 575 577 577 577 577 577 577 576 575 574 572
585 584 582 581 579 577 576 574 573 572 571 569 567 565 563 562 560 558 555 553 551 550 548 546 544 542 540 539 539 539 538 535 532 520 524 534 539 544 548 549 554 558 561 563 564 566 567 568 569 571 572 572 572 572 573 574 575 577 578 578 578 578 578 578 578 577 576 574
586 584 582 580 579 577 576 575 573 572 571 570 568 566 564 562 560 558 555 553 551 550 548 547 545 543 541 541 541 541 539 536 533 527 520 533 539 544 549 551 558 560 563 566 567 568 570 570 571 571 573 573 573 574 575 576 577 578 579 579 580 580 580 579 579 579 577 576
586 584 582 580 579 577 576 575 574 573 572 571 569 567 564 562 560 558 556 553 550 549 549 548 547 545 543 543 542 541 539 537 534 531 520 532 539 545 551 555 560 562 566 569 570 570 571 572 573 573 574 575 575 576 576 577 578 579 580 580 581 581 581 581 581 580 579 577
587 585 582 580 579 578 577 576 575 574 572 571 570 567 565 562 560 558 556 553 551 550 550 549 548 546 545 544 543 542 540 538 535 532 520 531 538 541 549 555 560 563 567 570 571 572 572 573 574 575 576 577 577 578 578 578 579 580 581 582 582 582 582 582 582 581 580 578
588 586 583 580 580 579 578 577 575 574 573 571 570 568 565 562 560 558 556 554 553 552 551 550 549 547 546 545 544 542 541 538 536 533 528 521 535 538 541 552 558 562 566 570 571 572 573 574 576 576 577 578 579 579 580 580 580 581 582 583 583 583 583 583 583 582 581 580
589 587 584 582 581 580 579 578 576 574 573 572 570 568 565 563 560 559 557 556 555 553 552 551 549 548 546 546 545 543 542 540 537 534 531 521 537 543 547 553 558 561 565 568 570 572 574 576 577 578 578 580 581 581 581 582 583 583 583 584 584 584 584 584 584 583 582 581
590 588 586 584 583 581 580 578 577 575 573 571 570 568 566 563 561 559 558 557 556 554 553 551 549 548 547 547 546 544 543 541 538 535 532 530 533 542 547 555 559 563 566 568 570 572 574 576 578 579 579 580 582 583 584 584 585 586 586 586 586 585 585 585 585 584 583 582
590 588 587 585 584 582 580 579 577 575 573 571 570 568 566 564 562 560 559 558 557 556 554 551 549 548 549 549 548 546 544 540 539 537 534 531 531 540 547 556 562 565 567 569 571 572 575 577 579 580 580 581 583 585 586 587 588 588 588 588 587 587 586 586 586 585 585 584
591 589 588 586 584 582 581 579 577 575 573 572 570 568 567 565 563 562 561 560 558 557 556 553 550 550 550 551 550 548 546 543 541 539 534 531 531 542 548 558 563 567 569 570 572 573 575 578 580 581 582 583 584 586 588 589 590 590 590 589 588 588 588 588 587 587 586 585
591 590 588 586 584 583 581 579 577 576 573 572 570 569 568 567 565 564 563 561 560 559 558 556 553 551 553 552 551 550 548 544 543 540 534 531 536 544 551 560 564 569 570 571 573 573 576 578 580 581 582 583 584 587 588 590 591 591 591 590 589 589 589 589 589 588 588 587
592 591 589 587 584 583 581 579 577 576 574 572 571 570 570 569 567 566 564 563 562 560 560 558 556 554 554 553 552 551 549 546 542 540 532 531 541 546 551 560 565 570 571 572 573 575 576 577 579 580 581 582 584 586 588 590 591 591 591 591 590 590 590 590 590 590 589 588
592 591 589 587 584 582 580 579 577 576 574 573 572 571 571 570 568 568 567 565 563 562 561 560 558 556 554 553 552 551 549 544 541 533 531 531 542 546 550 560 566 570 571 572 573 574 575 577 578 579 580 581 583 585 587 589 591 591 591 591 591 591 591 591 591 590 589 588
592 591 590 587 584 582 580 578 577 576 575 574 573 572 571 570 570 570 569 567 564 563 562 560 558 557 555 553 552 551 546 539 531 531 531 534 543 546 549 560 564 569 569 570 571 573 574 575 576 577 579 580 581 584 585 588 590 590 590 590 590 590 590 590 591 591 590 589
592 591 590 587 584 581 579 578 577 577 576 575 574 573 572 571 571 571 570 568 565 563 562 560 558 556 554 553 551 548 533 531 537 542 539 532 541 544 548 558 561 564 566 568 570 572 573 574 575 576 577 579 580 582 584 586 588 589 589 589 589 589 589 590 591 591 591 590
592 592 590 587 584 580 579 578 578 577 577 576 575 574 573 573 572 571 570 568 565 564 562 560 558 556 553 552 550 543 531 539 541 543 545 532 538 540 542 552 554 560 563 566 568 570 571 572 573 575 576 578 579 580 582 584 586 587 588 588 588 588 589 590 591 591 591 591
592 592 590 588 585 581 579 579 579 579 578 578 576 575 574 573 572 571 570 567 565 563 562 560 558 554 552 550 547 540 531 541 543 544 545 542 541 540 540 540 548 552 560 563 565 568 569 570 572 573 575 577 578 579 581 582 584 586 587 587 587 588 589 590 591 591 591 591
592 592 590 589 587 584 582 581 580 580 580 579 578 576 575 573 572 571 569 567 565 563 561 560 558 553 550 548 546 541 531 537 542 545 547 548 547 548 548 544 544 548 551 558 562 565 566 568 570 572 574 575 577 578 580 581 583 584 585 586 586 587 588 589 590 591 591 591
592 592 591 590 589 588 586 584 584 583 581 580 579 577 575 573 571 570 568 566 564 562 561 559 558 553 550 550 550 547 540 531 541 547 549 550 551 551 551 550 550 547 548 553 559 562 565 566 569 571 572 574 577 578 580 581 583 584 584 585 585 586 587 588 589 590 590 590
593 593 592 592 591 589 588 587 587 585 583 582 580 577 574 573 571 569 567 565 563 561 560 559 557 554 553 552 552 550 546 537 538 547 551 552 552 553 553 552 551 550 549 550 556 561 562 565 567 569 571 573 576 578 580 581 582 583 584 584 584 585 585 587 587 589 590 590
594 594 594 594 592 591 590 590 589 587 584 582 580 577 574 572 571 569 566 564 562 560 559 558 557 556 555 554 553 552 551 544 537 547 552 553 554 554 555 555 554 553 553 553 554 559 561 563 566 568 571 573 575 577 579 580 581 582 583 583 583 583 583 584 586 587 588 589
594 596 596 595 594 592 591 591 590 588 584 582 579 575 572 571 570 568 566 563 561 559 558 558 557 557 556 555 554 553 551 547 539 543 552 553 555 556 557 557 557 557 558 559 559 559 559 561 564 570 572 572 574 575 577 578 580 581 581 581 581 581 581 582 584 586 588 588
595 595 596 597 595 593 592 592 590 588 585 582 579 574 570 569 569 568 565 562 560 559 559 559 559 559 559 557 555 553 551 548 540 542 552 554 556 558 559 559 559 560 561 561 561 561 560 559 562 567 570 571 572 573 575 576 576 577 576 574 573 571 576 581 583 585 586 587
594 596 596 596 596 593 593 592 590 587 584 582 578 573 570 569 568 567 565 563 561 561 561 560 560 561 560 558 555 553 551 548 541 542 552 555 558 559 561 561 561 562 563 563 563 563 562 561 560 564 568 570 571 572 572 572 572 570 569 569 569 574 580 582 584 586 588 587
596 596 596 596 596 593 593 592 590 586 583 581 577 573 570 569 568 567 566 564 563 563 562 562 562 561 560 558 555 553 551 546 541 546 553 556 558 560 562 563 564 564 565 565 565 565 564 563 563 564 567 569 570 570 570 570 569 569 570 570 569 578 581 583 586 588 589 589
