DTRM-to-Python/surfer-files/STA08055700_ASCII.GRD
DSAA
197 302
700740 706620
3.63702e+006 3.64605e+006
440 652                         
[rows 60 to 89 of 302, columns 68 to 135 of 197]
532 532 530 528 526 523 520 517 512 508 502 493 490 490 488 482 481 491 495 498 501 507 511 513 518 521 524 527 530 532 534 535 538 540 542 544 546 547 549 550 551 551 550 549 548 548 547 548 548 550 551 551 552 552 553 555 556 558 558 559 558 558 557 557 556 554 554 554
533 532 531 529 526 524 521 517 512 505 500 495 500 495 491 481 483 491 494 497 500 505 509 512 517 521 523 527 530 532 534 536 538 540 542 544 546 548 550 552 553 553 552 551 549 549 549 549 549 550 551 553 553 554 555 556 557 559 560 561 561 561 560 561 561 558 558 558
534 532 530 529 527 524 521 517 512 501 503 504 502 497 491 481 486 491 494 497 500 503 507 510 513 518 521 525 529 532 533 535 538 540 542 545 547 549 552 554 556 556 554 553 552 550 550 550 550 551 552 553 554 555 556 557 558 560 560 562 563 563 563 563 562 561 560 561
534 532 531 530 528 525 522 518 511 508 509 509 505 499 493 483 481 491 494 496 499 502 507 509 511 517 520 524 528 531 533 535 537 539 540 544 547 549 552 557 559 559 557 555 553 552 552 551 552 552 553 554 556 557 557 558 559 560 562 563 564 565 565 565 564 563 563 563
535 534 532 531 529 525 521 516 510 510 512 511 508 502 496 489 483 481 492 495 498 502 509 512 514 518 521 524 527 530 532 534 537 539 542 544 547 549 553 558 561 561 559 557 555 555 552 553 553 554 554 555 556 557 559 559 560 561 563 564 566 566 567 567 567 566 566 565
536 535 533 531 529 525 521 516 510 511 514 513 511 505 500 492 485 481 491 494 497 501 508 513 517 519 521 524 526 528 530 533 536 538 541 544 546 549 553 557 560 561 559 559 553 553 554 554 554 555 556 556 557 558 559 560 561 562 563 565 567 568 569 569 569 568 568 568
538 536 534 532 530 526 521 518 513 514 517 516 513 509 504 498 489 481 490 493 496 500 509 514 520 522 521 523 524 526 530 532 534 537 540 543 546 549 552 556 559 560 557 556 553 553 553 554 554 555 556 557 558 558 559 561 562 563 564 566 568 569 570 570 570 570 570 570
537 536 534 532 530 526 522 519 517 518 520 519 517 512 506 501 488 481 491 492 495 498 505 512 520 522 520 519 520 523 527 529 533 536 539 542 544 547 550 553 556 557 555 553 553 552 551 552 553 555 557 558 558 559 560 561 562 564 565 567 568 570 571 571 572 572 571 571
538 536 533 531 528 525 522 519 519 520 522 521 519 514 508 502 481 490 489 490 492 490 502 509 516 516 510 511 513 518 522 526 531 534 537 540 542 546 548 551 553 553 552 550 549 550 550 551 553 555 556 558 559 560 561 561 563 564 565 567 568 569 571 572 572 573 572 572
538 535 532 530 527 525 520 520 521 523 523 522 521 517 510 501 482 491 491 490 490 491 490 504 511 507 506 505 505 507 515 521 528 531 535 538 541 544 546 548 549 550 546 541 544 549 551 552 554 555 557 558 559 560 561 562 563 564 565 566 568 569 570 571 573 573 573 573
539 536 532 529 527 526 524 524 524 524 524 523 522 518 510 490 490 492 493 493 493 493 490 493 495 500 494 494 494 497 513 520 525 529 533 536 539 542 544 546 546 545 541 540 544 549 551 552 554 554 557 558 559 560 561 561 562 563 564 566 567 569 570 571 572 573 574 574
540 537 534 531 529 528 528 527 526 524 523 522 518 514 507 492 490 493 494 496 497 498 494 490 491 494 494 494 494 494 504 515 521 526 530 534 538 540 542 544 542 541 531 539 545 549 551 552 553 555 556 557 558 559 559 559 560 561 563 565 567 569 570 572 573 574 575 575
541 539 537 534 531 530 530 528 525 523 522 521 514 500 495 490 490 492 495 498 499 501 502 501 502 502 501 501 501 500 498 507 516 521 527 532 535 537 540 541 537 531 532 540 546 550 552 553 554 555 556 557 557 557 556 557 558 560 562 564 567 569 571 572 573 575 576 577
541 541 539 537 533 533 530 528 524 520 517 513 506 499 496 494 491 490 494 499 502 504 505 506 508 508 507 507 506 503 498 502 511 517 522 529 531 532 536 534 531 529 534 541 546 550 552 553 554 556 556 555 555 554 554 551 555 559 561 563 566 569 571 572 574 576 577 578
543 543 541 538 535 532 530 527 524 522 511 505 500 500 501 497 493 490 494 500 503 508 509 510 512 513 512 513 510 505 498 501 506 511 521 525 526 528 531 526 521 528 535 542 547 550 552 554 555 553 553 552 552 551 551 550 554 558 560 562 566 568 571 572 574 577 579 579
544 542 540 537 534 531 526 523 521 513 503 499 502 509 505 498 492 490 498 503 505 509 512 512 518 520 517 519 517 510 500 500 500 500 508 518 520 521 521 519 520 530 536 542 547 551 552 554 553 551 548 545 545 540 546 551 554 556 559 562 565 568 571 573 575 578 580 580
544 542 540 537 532 528 518 511 508 498 507 509 512 513 509 503 492 491 498 502 505 507 511 516 520 521 520 525 521 515 509 506 503 500 500 500 508 512 511 509 524 533 537 542 547 550 551 552 549 544 540 538 539 540 545 550 553 556 559 561 564 568 570 573 575 578 580 581
545 545 542 534 526 523 511 497 497 505 515 519 518 518 513 507 498 489 491 501 504 507 510 518 523 527 526 527 526 524 519 511 507 501 500 504 507 510 510 510 520 530 537 542 545 549 545 544 537 533 534 533 533 540 544 549 552 555 558 561 563 567 570 572 574 577 579 580
545 544 540 533 526 517 507 511 514 515 518 522 523 523 515 507 503 498 492 488 503 507 513 517 520 522 525 526 526 524 521 517 511 502 499 509 513 516 517 510 519 529 536 540 546 542 536 532 525 538 545 543 542 540 543 549 550 551 555 558 561 564 568 570 573 575 577 579
545 543 537 533 528 520 509 515 530 525 523 525 525 522 517 509 505 502 497 491 491 505 511 519 523 524 528 526 525 524 523 519 514 510 499 514 515 519 520 516 519 525 532 531 521 520 525 527 531 539 542 543 545 543 544 548 551 553 555 558 560 563 566 568 571 573 576 578
543 538 532 527 521 510 509 525 531 529 529 529 526 523 519 509 506 504 501 495 491 498 507 515 520 523 525 528 528 527 523 521 518 511 502 500 515 520 522 520 517 521 519 519 521 527 528 528 536 542 545 548 548 547 547 548 550 552 554 557 559 562 565 567 570 572 574 576
535 531 528 514 510 510 521 531 533 532 532 529 527 524 521 514 509 506 503 499 493 491 503 512 517 522 524 526 528 527 525 523 521 513 510 509 519 520 523 523 520 518 523 527 530 532 535 538 542 546 548 550 551 551 550 550 549 550 553 556 559 561 563 566 569 571 572 574
521 521 517 511 518 523 528 535 536 535 533 531 527 525 522 519 513 509 506 503 500 491 497 505 510 518 521 526 528 528 527 526 522 512 509 512 520 523 526 528 526 523 527 531 534 537 540 543 546 549 551 553 554 554 553 552 551 550 552 555 558 560 562 563 566 569 570 572
522 530 529 528 521 530 533 538 539 537 534 530 528 527 524 521 517 512 508 503 499 498 491 494 508 520 523 526 528 530 530 527 521 509 509 514 520 524 528 530 531 530 530 534 538 541 543 546 549 551 553 555 556 557 557 555 554 552 553 555 558 559 560 562 565 568 569 571
538 538 540 530 527 534 539 542 541 539 536 532 531 529 525 523 521 514 509 502 504 503 497 491 504 516 523 528 530 531 530 527 522 509 511 515 520 525 530 532 534 534 533 536 540 543 545 548 551 553 556 558 559 560 560 558 558 557 556 557 558 560 562 563 565 568 570 572
542 541 541 530 530 539 542 542 541 539 538 534 532 530 526 523 520 515 510 510 511 506 502 492 498 509 520 527 531 532 530 528 523 509 510 514 520 525 530 533 537 539 538 537 540 543 547 549 552 555 558 560 560 561 562 561 560 560 560 558 560 561 563 564 566 568 570 572
542 542 540 531 537 542 543 542 541 541 538 535 532 529 525 521 519 516 512 513 510 507 503 500 494 508 519 527 531 533 533 531 526 516 509 511 520 522 530 534 539 541 541 540 541 543 548 550 553 556 558 560 562 562 563 563 562 562 561 560 560 562 564 565 566 568 570 572
542 544 540 537 540 543 543 543 542 540 538 535 531 528 525 520 520 518 518 514 509 506 503 500 494 508 519 527 532 534 535 533 530 519 511 509 510 520 528 532 536 540 542 543 545 547 549 551 554 557 559 561 562 563 563 564 564 564 564 562 563 564 566 567 567 569 570 573
545 544 541 540 542 544 544 543 542 541 538 536 533 530 527 524 522 520 521 517 511 507 503 500 500 511 520 528 532 534 535 535 532 526 518 512 510 520 524 528 532 539 542 545 547 548 550 552 554 557 559 561 562 563 564 565 566 566 565 565 566 567 568 569 569 570 572 574
547 547 545 543 544 546 545 544 542 541 540 537 534 532 529 526 525 523 521 517 512 507 503 500 501 510 519 527 532 534 536 536 533 530 525 514 510 512 514 521 527 536 542 545 548 550 551 553 555 557 558 560 562 563 565 566 567 568 567 568 568 569 570 571 572 573 575 576
